# number of loops and nodes per loop
# dont forget to include injection points and refniment regions
2 76 39
# boundary node locations
-1.0 -1.0 1
-0.8947368421052633 -1.0 1
-0.7894736842105263 -1.0 1
-0.6842105263157894 -1.0 1
-0.5789473684210527 -1.0 1
-0.4736842105263159 -1.0 1
-0.368421052631579 -1.0 1
-0.2631578947368421 -1.0 1
-0.1578947368421053 -1.0 1
-0.05263157894736853 -1.0 1
0.05263157894736836 -1.0 1
0.1578947368421053 -1.0 1
0.26315789473684204 -1.0 1
0.36842105263157876 -1.0 1
0.4736842105263157 -1.0 1
0.5789473684210527 -1.0 1
0.6842105263157894 -1.0 1
0.7894736842105261 -1.0 1
0.894736842105263 -1.0 1
1.0 -1.0 2
1.0 -0.8947368421052633 2
1.0 -0.7894736842105263 2
1.0 -0.6842105263157894 2
1.0 -0.5789473684210527 2
1.0 -0.4736842105263159 2
1.0 -0.368421052631579 2
1.0 -0.2631578947368421 2
1.0 -0.1578947368421053 2
1.0 -0.05263157894736853 2
1.0 0.05263157894736836 2
1.0 0.1578947368421053 2
1.0 0.26315789473684204 2
1.0 0.36842105263157876 2
1.0 0.4736842105263157 2
1.0 0.5789473684210527 2
1.0 0.6842105263157894 2
1.0 0.7894736842105261 2
1.0 0.894736842105263 2
1.0 1.0 3
0.8947368421052633 1.0 3
0.7894736842105263 1.0 3
0.6842105263157894 1.0 3
0.5789473684210527 1.0 3
0.4736842105263159 1.0 3
0.368421052631579 1.0 3
0.2631578947368421 1.0 3
0.1578947368421053 1.0 3
0.05263157894736853 1.0 3
-0.05263157894736836 1.0 3
-0.1578947368421053 1.0 3
-0.26315789473684204 1.0 3
-0.36842105263157876 1.0 3
-0.4736842105263157 1.0 3
-0.5789473684210527 1.0 3
-0.6842105263157894 1.0 3
-0.7894736842105261 1.0 3
-0.894736842105263 1.0 3
-1.0 1.0 4
-1.0 0.8947368421052633 4
-1.0 0.7894736842105263 4
-1.0 0.6842105263157894 4
-1.0 0.5789473684210527 4
-1.0 0.4736842105263159 4
-1.0 0.368421052631579 4
-1.0 0.2631578947368421 4
-1.0 0.1578947368421053 4
-1.0 0.05263157894736853 4
-1.0 -0.05263157894736836 4
-1.0 -0.1578947368421053 4
-1.0 -0.26315789473684204 4
-1.0 -0.36842105263157876 4
-1.0 -0.4736842105263157 4
-1.0 -0.5789473684210527 4
-1.0 -0.6842105263157894 4
-1.0 -0.7894736842105261 4
-1.0 -0.894736842105263 4
0.0 -0.5 5
-0.07766895849228474 -0.4921791451185834 5
-0.15309323830121793 -0.4700571537125859 5
-0.22465466479007593 -0.43560296591839315 5
-0.2910044484754614 -0.39057857110815825 5
-0.3508240593378833 -0.3365552725754774 5
-0.40273708876020115 -0.27497708051715963 5
-0.4452724748055917 -0.20720191708626529 5
-0.47681761583050497 -0.13454364104835537 5
-0.4955546406692813 -0.058387973757244416 5
-0.4994962592216858 0.019517688780342962 5
-0.487909835448123 0.09680673753671193 5
-0.46252706200832655 0.17140040491847708 5
-0.4252737402937197 0.2417816754422508 5
-0.3778582156885329 0.30662399985830097 5
-0.32181471436210846 0.36459914283899014 5
-0.25856263209610153 0.4143101935035673 5
-0.18944364789930346 0.45425617896017223 5
-0.11577357887408125 0.48277877209429493 5
-0.03899307418930778 0.4980042840295363 5
0.038993074189307336 0.4980042840295363 5
0.11577357887408049 0.48277877209429515 5
0.18944364789930382 0.45425617896017206 5
0.25856263209610186 0.41431019350356696 5
0.3218147143621089 0.36459914283898964 5
0.3778582156885333 0.30662399985830024 5
0.4252737402937197 0.2417816754422506 5
0.46252706200832683 0.17140040491847638 5
0.4879098354481233 0.09680673753671049 5
0.49949625922168567 0.019517688780342823 5
0.4955546406692814 -0.058387973757244194 5
0.476817615830505 -0.13454364104835528 5
0.44527247480559157 -0.20720191708626545 5
0.4027370887602011 -0.27497708051715963 5
0.35082405933788346 -0.3365552725754771 5
0.29100444847546103 -0.3905785711081584 5
0.22465466479007526 -0.4356029659183935 5
0.15309323830121763 -0.47005715371258605 5
0.0776689584922847 -0.4921791451185834 5
# number of injection loctions
4
# injection point locations
-0.5 -0.5
0.5 -0.5
0.5 0.5
-0.5 0.5
# number of refinement regions
0